10
3217576013979165570883228665382672852288455585362954940261417819753407646439032129327705455559325800178448873677683412031670815439783805575629562967342015036659482613826554539432531638831615940110046996147055029641876283565526353864794085987902068296129748279138865043413073522800391525836297579008864403
6005649216668108573821713031978704130526925782932350611143047117783110364577732209337151854952254893415631884538934360616513670924713228605306979756548971957304133683748126580101200884174879113159741024340653248978434814546009408818250387309693651189327718896074846306748914718363764869952700231562231631
6122297353860221564002746368246366014110584330978483440122921077817086484840425011087578980757315355426027908631508599670760121746041235295916230150923268809150417152634736508097989576845065206618874037894513445715931678245577075973797279693689537284892127336818194086121337991239069846851632699804121314
5714045062203691181144772022109838750814305454772187421772821269914626435325867124974066809936744932985068400633966473880648257601325454780709117652252918251543644329026523456110148725470670010409823801812982414973472901876926466528728491700735193663903207622015949299411150059668287383777521499330730298
3609515286920941542567472857856491707759468785495737064163886731900496606266754880774146677791793389811084660997471559266980249648631414650315766459546669924127946183213528601165752849823347863105553844270295145899119810723189336996753846961636122571905098942286709094357729817445800522358218027053725550
4006368138321113227513956623650885036090345212557647789359551735490869436284910190573742697592191586533882888572216606533706424519832738403943854699929792497147304115143944323742341384987349807693057234180484402216507944645007471130103188359341414041913396366729640728189089661299274425187070554939408526
8033146049367271972209001611040353557538366319811699466132597367531058355829228405875863034271058643303480689652191084145645623901485912635224901311155150794198049720257972099028466165530643809500876168787152943001100717442197080084913402036629559603859342661893636049005938292994200773583825527246962213
1988194019222024769300429443866473313330047454489618068060835165174448850243119193087243320890662073709802842159438982678847515407388121516098175760953850860890262522917613266113769059563275870598603595903912748113616459122102468827338796087043057603901032912266910425943046980845124917359914379165482919
6849191464581294872741338770881967444782632285244017215890698418428644871629979598903726510484905633245822977322025701325564439950416930746948017090382224220749628852671215096578107776304321819942862486376448782816285763670413402555341669644918723089882628381836692637654754039796954279988661630861784370
5460271172415958252024202880978320633410472888123278621259509292471719436967955575856239402768929949765855747407902640369042231815872536910910780088401902247064654217830676212426185097795233672383372979975507078583944422153750132958620299435606904880435067061312436380293477635805248435555125749438097241
